DateTimeOriginal: 2022-09-24T12:09:34.000Z
Make: Canon
Model: Canon EOS 7D Mark II
LensModel: EF300mm f/4L IS USM
FNumber: 7.1
FocalLengthIn35mmFormat: 300
ExposureTime: 0.00125
ExposureCompensation: 0.3333333333333333
ISO: 800
