DateTimeOriginal: 2021-04-17T09:48:53.000Z
Make: Apple
Model: iPhone 12 Pro
LensModel: iPhone 12 Pro back triple camera 6mm f/2
FNumber: 2
FocalLengthIn35mmFormat: 218
ExposureTime: 0.007692307692307693
ExposureCompensation: 0
ISO: 25
latitude: -33.93321944444444
longitude: 18.710419444444444
