DateTimeOriginal: 2024-12-13T12:39:53.000Z
Make: Apple
Model: iPhone 12 Pro
LensModel: iPhone 12 Pro back triple camera 6mm f/2
FNumber: 2
FocalLengthIn35mmFormat: 159
ExposureTime: 0.0007507507507507507
ExposureCompensation: 0
ISO: 25
latitude: -33.932766666666666
longitude: 18.70953888888889
