DateTimeOriginal: 2025-07-13T08:22:20.000Z
Make: Apple
Model: iPhone 12 Pro
LensModel: iPhone 12 Pro back triple camera 6mm f/2
FNumber: 2
FocalLengthIn35mmFormat: 169
ExposureTime: 0.016666666666666666
ExposureCompensation: 0
ISO: 200
latitude: -33.93317777777778
longitude: 18.711288888888888
