DateTimeOriginal: 2025-08-02T14:51:16.000Z
Make: SONY
Model: ILCE-7M3
LensModel: FE 100-400mm F4.5-5.6 GM OSS
FNumber: 5.6
FocalLengthIn35mmFormat: 400
ExposureTime: 0.0003124999930150742
ExposureCompensation: 0.3
ISO: 10000
latitude: -33.93376666666666
longitude: 18.71023333333333
