DateTimeOriginal: 2025-08-05T14:42:23.000Z
Make: SONY
Model: ILCE-7M3
LensModel: FE 100-400mm F4.5-5.6 GM OSS
FNumber: 5.6
FocalLengthIn35mmFormat: 400
ExposureTime: 0.0003124999930150742
ExposureCompensation: 0
ISO: 12800
latitude: -33.93374444444444
longitude: 18.710255555555555
