DateTimeOriginal: 2025-08-26T14:47:29.000Z
Make: SONY
Model: ILCE-7M3
LensModel: FE 100-400mm F4.5-5.6 GM OSS
FNumber: 5.6
FocalLengthIn35mmFormat: 400
ExposureTime: 0.00039999998989452437
ExposureCompensation: 0
ISO: 1250
latitude: -33.93406944444444
longitude: 18.709733333333332
