DateTimeOriginal: 2025-02-06T15:52:36.000Z
Make: SONY
Model: ILCE-7M3
LensModel: FE 100-400mm F4.5-5.6 GM OSS
FNumber: 6.300000190736682
FocalLengthIn35mmFormat: 400
ExposureTime: 0.0003124999930150742
ExposureCompensation: 0.7
ISO: 3200
latitude: -33.93154444444444
longitude: 18.72659722222222
