DateTimeOriginal: 2025-08-05T15:22:49.000Z
Make: SONY
Model: ILCE-7M3
LensModel: FE 100-400mm F4.5-5.6 GM OSS
FNumber: 7.1
FocalLengthIn35mmFormat: 400
ExposureTime: 0.0003124999930150742
ExposureCompensation: 0
ISO: 2500
latitude: -33.935086111111104
longitude: 18.71046388888889
