DateTimeOriginal: 2025-02-04T16:46:51.000Z
Make: SONY
Model: ILCE-7M3
LensModel: FE 100-400mm F4.5-5.6 GM OSS
FNumber: 5.6
FocalLengthIn35mmFormat: 400
ExposureTime: 0.0003124999930150742
ExposureCompensation: 1.3
ISO: 2500
latitude: -33.93221388888889
longitude: 18.71275
