DateTimeOriginal: 2025-08-26T14:23:12.000Z
Make: SONY
Model: ILCE-7M3
LensModel: FE 100-400mm F4.5-5.6 GM OSS
FNumber: 5.6
FocalLengthIn35mmFormat: 400
ExposureTime: 0.00039999998989452437
ExposureCompensation: 0
ISO: 1000
latitude: -33.933166666666665
longitude: 18.713419444444444
