DateTimeOriginal: 2025-12-07T09:27:42.000Z
Make: SONY
Model: ILCE-7CR
LensModel: FE 100-400mm F4.5-5.6 GM OSS + 1.4X Teleconverter
FNumber: 8
FocalLengthIn35mmFormat: 560
ExposureTime: 0.0007999999797890487
ExposureCompensation: 1.7
ISO: 800
latitude: -33.93378055555555
longitude: 18.71054722222222
