DateTimeOriginal: 2025-02-04T14:51:59.000Z
Make: SONY
Model: ILCE-7M3
LensModel: FE 100-400mm F4.5-5.6 GM OSS
FNumber: 5.6
FocalLengthIn35mmFormat: 400
ExposureTime: 0.0003124999930150742
ExposureCompensation: 2.3
ISO: 1000
latitude: -33.93018055555555
longitude: 18.71805833333333
