DateTimeOriginal: 2026-04-18T13:33:35.000Z
Make: SONY
Model: ILCE-7CR
LensModel: FE 100-400mm F4.5-5.6 GM OSS + 1.4X Teleconverter
FNumber: 8
FocalLengthIn35mmFormat: 560
ExposureTime: 0.0007999999797890487
ExposureCompensation: 2.3
ISO: 8000
latitude: -33.930213888888886
longitude: 18.727430555555554
