DateTimeOriginal: 2026-04-29T15:46:42.000Z
Make: SONY
Model: ILCE-7CR
LensModel: FE 100-400mm F4.5-5.6 GM OSS + 1.4X Teleconverter
FNumber: 8
FocalLengthIn35mmFormat: 560
ExposureTime: 0.0012499999720602967
ExposureCompensation: 2.3
ISO: 12800
latitude: -33.93136111111111
longitude: 18.715655555555553
