DateTimeOriginal: 2026-04-24T14:18:37.000Z
Make: SONY
Model: ILCE-7CR
LensModel: FE 100-400mm F4.5-5.6 GM OSS
FNumber: 5.6
FocalLengthIn35mmFormat: 400
ExposureTime: 0.0003124999930150742
ExposureCompensation: 1.7
ISO: 640
latitude: -33.931530555555554
longitude: 18.720144444444443
