DateTimeOriginal: 2025-08-26T14:41:26.000Z
Make: SONY
Model: ILCE-7M3
LensModel: FE 100-400mm F4.5-5.6 GM OSS
FNumber: 5.6
FocalLengthIn35mmFormat: 400
ExposureTime: 0.00039999998989452437
ExposureCompensation: 0
ISO: 3200
latitude: -33.933972222222216
longitude: 18.70873611111111
