DateTimeOriginal: 2025-08-05T14:51:33.000Z
Make: SONY
Model: ILCE-7M3
LensModel: FE 100-400mm F4.5-5.6 GM OSS
FNumber: 7.1
FocalLengthIn35mmFormat: 400
ExposureTime: 0.0003124999930150742
ExposureCompensation: 0
ISO: 800
latitude: -33.93373888888888
longitude: 18.710155555555556
