DateTimeOriginal: 2025-10-16T07:22:25.000Z
Make: SONY
Model: ILCE-7CR
LensModel: FE 100-400mm F4.5-5.6 GM OSS
FNumber: 5.6
FocalLengthIn35mmFormat: 400
ExposureTime: 0.0007999999797890487
ExposureCompensation: 0.3
ISO: 1600
latitude: -33.93143055555555
longitude: 18.72771111111111
