DateTimeOriginal: 2025-02-06T16:50:25.000Z
Make: SONY
Model: ILCE-7M3
LensModel: FE 100-400mm F4.5-5.6 GM OSS
FNumber: 8
FocalLengthIn35mmFormat: 100
ExposureTime: 0.0003124999930150742
ExposureCompensation: 0.7
ISO: 12800
latitude: -33.93163611111111
longitude: 18.716288888888887
