DateTimeOriginal: 2024-12-19T18:00:33.000Z
Make: SONY
Model: ILCE-7M3
LensModel: FE 100-400mm F4.5-5.6 GM OSS
FNumber: 5.6
FocalLengthIn35mmFormat: 400
ExposureTime: 0.016666666666666666
ExposureCompensation: 3
ISO: 12800
latitude: -33.93447222222222
longitude: 18.709030555555554
