DateTimeOriginal: 2025-02-04T15:58:05.000Z
Make: SONY
Model: ILCE-7M3
LensModel: FE 100-400mm F4.5-5.6 GM OSS
FNumber: 5.6
FocalLengthIn35mmFormat: 400
ExposureTime: 0.0003124999930150742
ExposureCompensation: 1
ISO: 6400
latitude: -33.93266111111111
longitude: 18.71787222222222
