DateTimeOriginal: 2025-08-05T14:44:05.000Z
Make: SONY
Model: ILCE-7M3
LensModel: FE 100-400mm F4.5-5.6 GM OSS
FNumber: 5.6
FocalLengthIn35mmFormat: 400
ExposureTime: 0.0003124999930150742
ExposureCompensation: 0
ISO: 2000
latitude: -33.93374166666666
longitude: 18.710219444444444
