DateTimeOriginal: 2025-02-04T16:51:03.000Z
Make: SONY
Model: ILCE-7M3
LensModel: FE 100-400mm F4.5-5.6 GM OSS
FNumber: 5.6
FocalLengthIn35mmFormat: 321
ExposureTime: 0.0003124999930150742
ExposureCompensation: 1.3
ISO: 2000
latitude: -33.93219722222222
longitude: 18.712802777777778
