DateTimeOriginal: 2025-02-04T16:08:21.000Z
Make: SONY
Model: ILCE-7M3
LensModel: FE 100-400mm F4.5-5.6 GM OSS
FNumber: 4.5
FocalLengthIn35mmFormat: 100
ExposureTime: 0.0003124999930150742
ExposureCompensation: 1
ISO: 1250
latitude: -33.93111666666666
longitude: 18.715102777777776
