DateTimeOriginal: 2026-01-27T16:07:23.000Z
Make: SONY
Model: ILCE-7CR
LensModel: FE 100-400mm F4.5-5.6 GM OSS
FNumber: 7.1
FocalLengthIn35mmFormat: 400
ExposureTime: 0.0007999999797890487
ExposureCompensation: -0.3
ISO: 10000
latitude: -33.93416111111111
longitude: 18.70993888888889
