DateTimeOriginal: 2025-12-01T15:11:52.000Z
Make: SONY
Model: ILCE-7CR
LensModel: FE 100-400mm F4.5-5.6 GM OSS
FNumber: 5.6
FocalLengthIn35mmFormat: 400
ExposureTime: 0.00039999998989452437
ExposureCompensation: 1.7
ISO: 800
latitude: -33.93573333333333
longitude: 18.715144444444444
