DateTimeOriginal: 2024-11-28T17:21:57.000Z
Make: SONY
Model: ILCE-7M3
LensModel: FE 100-400mm F4.5-5.6 GM OSS + 1.4X Teleconverter
FNumber: 6.300000190736682
FocalLengthIn35mmFormat: 140
ExposureTime: 0.00039999998989452437
ExposureCompensation: 1.3
ISO: 12800
