DateTimeOriginal: 2025-10-12T15:29:32.000Z
Make: SONY
Model: ILCE-7CR
LensModel: FE 100-400mm F4.5-5.6 GM OSS
FNumber: 5.6
FocalLengthIn35mmFormat: 400
ExposureTime: 0.00039999998989452437
ExposureCompensation: 1.7
ISO: 800
latitude: -33.933411111111106
longitude: 18.709219444444443
