DateTimeOriginal: 2025-08-02T14:49:10.000Z
Make: SONY
Model: ILCE-7M3
LensModel: FE 100-400mm F4.5-5.6 GM OSS
FNumber: 5.6
FocalLengthIn35mmFormat: 400
ExposureTime: 0.00039999998989452437
ExposureCompensation: 0.3
ISO: 500
latitude: -33.93376111111111
longitude: 18.710194444444443
