DateTimeOriginal: 2024-12-09T16:44:59.000Z
Make: SONY
Model: ILCE-7M3
LensModel: FE 100-400mm F4.5-5.6 GM OSS + 1.4X Teleconverter
FNumber: 6.300000190736682
FocalLengthIn35mmFormat: 140
ExposureTime: 0.0012499999720602967
ExposureCompensation: 0
ISO: 2500
