DateTimeOriginal: 2025-10-11T16:04:58.000Z
Make: SONY
Model: ILCE-7CR
LensModel: FE 100-400mm F4.5-5.6 GM OSS
FNumber: 5.6
FocalLengthIn35mmFormat: 400
ExposureTime: 0.0007999999797890487
ExposureCompensation: 0
ISO: 800
latitude: -33.93382222222222
longitude: 18.710244444444445
