DateTimeOriginal: 2026-04-29T15:08:12.000Z
Make: SONY
Model: ILCE-7CR
LensModel: FE 100-400mm F4.5-5.6 GM OSS + 1.4X Teleconverter
FNumber: 8
FocalLengthIn35mmFormat: 560
ExposureTime: 0.0007999999797890487
ExposureCompensation: 0
ISO: 4000
latitude: -33.931488888888886
longitude: 18.720113888888886
