DateTimeOriginal: 2025-10-12T15:24:47.000Z
Make: SONY
Model: ILCE-7CR
LensModel: FE 100-400mm F4.5-5.6 GM OSS
FNumber: 5.6
FocalLengthIn35mmFormat: 400
ExposureTime: 0.0007999999797890487
ExposureCompensation: 0
ISO: 200
latitude: -33.93261388888889
longitude: 18.709980555555553
