DateTimeOriginal: 2024-12-19T17:48:16.000Z
Make: SONY
Model: ILCE-7M3
LensModel: FE 100-400mm F4.5-5.6 GM OSS
FNumber: 6.300000190736682
FocalLengthIn35mmFormat: 400
ExposureTime: 0.003125
ExposureCompensation: 0.7
ISO: 12800
latitude: -33.93362777777777
longitude: 18.71035277777778
