DateTimeOriginal: 2024-12-14T12:58:47.000Z
Make: SONY
Model: ILCE-7M3
LensModel: FE 100-400mm F4.5-5.6 GM OSS + 1.4X Teleconverter
FNumber: 6.300000190736682
FocalLengthIn35mmFormat: 140
ExposureTime: 0.0006249999860301484
ExposureCompensation: 2
ISO: 1600
