DateTimeOriginal: 2025-06-21T09:36:23.000Z
Make: SONY
Model: ILCE-7M3
LensModel: FE 100-400mm F4.5-5.6 GM OSS
FNumber: 5.6
FocalLengthIn35mmFormat: 400
ExposureTime: 0.0003124999930150742
ExposureCompensation: 1.3
ISO: 400
latitude: -33.92743333333333
longitude: 18.73242222222222
