DateTimeOriginal: 2025-12-07T09:47:55.000Z
Make: SONY
Model: ILCE-7CR
LensModel: FE 100-400mm F4.5-5.6 GM OSS + 1.4X Teleconverter
FNumber: 8
FocalLengthIn35mmFormat: 560
ExposureTime: 0.0007999999797890487
ExposureCompensation: 0
ISO: 10000
latitude: -33.932624999999994
longitude: 18.712291666666665
