DateTimeOriginal: 2025-12-01T15:08:56.000Z
Make: SONY
Model: ILCE-7CR
LensModel: FE 100-400mm F4.5-5.6 GM OSS
FNumber: 5.6
FocalLengthIn35mmFormat: 400
ExposureTime: 0.001
ExposureCompensation: 0
ISO: 500
latitude: -33.935761111111105
longitude: 18.71568611111111
