DateTimeOriginal: 2026-01-27T15:08:33.000Z
Make: SONY
Model: ILCE-7CR
LensModel: FE 100-400mm F4.5-5.6 GM OSS
FNumber: 5.6
FocalLengthIn35mmFormat: 400
ExposureTime: 0.0003124999930150742
ExposureCompensation: 1.7
ISO: 2000
latitude: -33.934174999999996
longitude: 18.710369444444442
