DateTimeOriginal: 2025-08-26T14:36:20.000Z
Make: SONY
Model: ILCE-7M3
LensModel: FE 100-400mm F4.5-5.6 GM OSS
FNumber: 5.6
FocalLengthIn35mmFormat: 400
ExposureTime: 0.00039999998989452437
ExposureCompensation: 0
ISO: 5000
latitude: -33.93480555555555
longitude: 18.709130555555554
