DateTimeOriginal: 2025-08-05T14:37:09.000Z
Make: SONY
Model: ILCE-7M3
LensModel: FE 100-400mm F4.5-5.6 GM OSS
FNumber: 5.6
FocalLengthIn35mmFormat: 400
ExposureTime: 0.0003124999930150742
ExposureCompensation: 1
ISO: 12800
latitude: -33.933727777777776
longitude: 18.710255555555555
