DateTimeOriginal: 2025-02-06T15:48:37.000Z
Make: SONY
Model: ILCE-7M3
LensModel: FE 100-400mm F4.5-5.6 GM OSS
FNumber: 6.300000190736682
FocalLengthIn35mmFormat: 400
ExposureTime: 0.0003124999930150742
ExposureCompensation: 0.7
ISO: 12800
latitude: -33.93159722222222
longitude: 18.72671944444444
