DateTimeOriginal: 2025-10-16T07:03:29.000Z
Make: SONY
Model: ILCE-7CR
LensModel: FE 100-400mm F4.5-5.6 GM OSS
FNumber: 5.6
FocalLengthIn35mmFormat: 400
ExposureTime: 0.00039999998989452437
ExposureCompensation: 1.7
ISO: 400
latitude: -33.93223611111111
longitude: 18.725169444444443
