DateTimeOriginal: 2025-01-13T15:36:08.000Z
Make: SONY
Model: ILCE-7M3
LensModel: FE 100-400mm F4.5-5.6 GM OSS
FNumber: 8
FocalLengthIn35mmFormat: 400
ExposureTime: 0.00039999998989452437
ExposureCompensation: 0.7
ISO: 12800
latitude: -33.932180555555554
longitude: 18.712822222222222
