DateTimeOriginal: 2025-12-01T15:29:45.000Z
Make: SONY
Model: ILCE-7CR
LensModel: FE 100-400mm F4.5-5.6 GM OSS
FNumber: 4.5
FocalLengthIn35mmFormat: 100
ExposureTime: 0.00039999998989452437
ExposureCompensation: 1.7
ISO: 1000
latitude: -33.93216111111111
longitude: 18.712888888888887
