DateTimeOriginal: 2025-08-02T14:16:05.000Z
Make: SONY
Model: ILCE-7M3
LensModel: FE 100-400mm F4.5-5.6 GM OSS
FNumber: 5.6
FocalLengthIn35mmFormat: 400
ExposureTime: 0.00039999998989452437
ExposureCompensation: 2.3
ISO: 2500
latitude: -33.9325
longitude: 18.710625
