DateTimeOriginal: 2024-12-19T11:30:26.000Z
Make: SONY
Model: ILCE-7M3
LensModel: FE 100-400mm F4.5-5.6 GM OSS + 1.4X Teleconverter
FNumber: 8
FocalLengthIn35mmFormat: 560
ExposureTime: 0.00025
ExposureCompensation: 1.3
ISO: 12800
latitude: -33.932175
longitude: 18.712788888888888
