DateTimeOriginal: 2025-08-02T14:16:46.000Z
Make: SONY
Model: ILCE-7M3
LensModel: FE 100-400mm F4.5-5.6 GM OSS
FNumber: 5.6
FocalLengthIn35mmFormat: 400
ExposureTime: 0.00039999998989452437
ExposureCompensation: 2
ISO: 1600
latitude: -33.932538888888885
longitude: 18.710580555555556
