DateTimeOriginal: 2026-04-18T13:24:09.000Z
Make: SONY
Model: ILCE-7CR
LensModel: FE 100-400mm F4.5-5.6 GM OSS + 1.4X Teleconverter
FNumber: 8
FocalLengthIn35mmFormat: 560
ExposureTime: 0.0007999999797890487
ExposureCompensation: 0
ISO: 12800
latitude: -33.929561111111106
longitude: 18.727030555555555
