DateTimeOriginal: 2025-08-02T14:31:09.000Z
Make: SONY
Model: ILCE-7M3
LensModel: FE 100-400mm F4.5-5.6 GM OSS
FNumber: 5.6
FocalLengthIn35mmFormat: 400
ExposureTime: 0.0003124999930150742
ExposureCompensation: 1
ISO: 12800
latitude: -33.933988888888884
longitude: 18.70977222222222
