DateTimeOriginal: 2026-01-27T15:56:30.000Z
Make: SONY
Model: ILCE-7CR
LensModel: FE 100-400mm F4.5-5.6 GM OSS
FNumber: 7.1
FocalLengthIn35mmFormat: 400
ExposureTime: 0.0007999999797890487
ExposureCompensation: -0.3
ISO: 2500
latitude: -33.93416388888888
longitude: 18.709944444444442
