DateTimeOriginal: 2025-10-15T16:30:30.000Z
Make: SONY
Model: ILCE-7CR
LensModel: FE 100-400mm F4.5-5.6 GM OSS
FNumber: 8
FocalLengthIn35mmFormat: 400
ExposureTime: 0.0007999999797890487
ExposureCompensation: 0
ISO: 2500
latitude: -33.931438888888884
longitude: 18.715608333333332
